"""
Symmetry group matrices in multiple conventions.

Source: https://scipion-em.github.io/docs/release-3.0.0/docs/developer/symmetries/symmetries.html

Each variable stores an (M, 3, 3) numpy array of 3x3 rotation matrices

Symmetry groups and axis conventions, (*) denotes standard convention used in this repo:

(*) D_scipy   - 2n elements. Dihedral, scipy convention (2-fold about X, n-fold about Z).
    D_rotated - 2n elements. Dihedral, scipy convention rotated by pi/(2n) about Z.
(*) T222  - 12 elements. Tetrahedral, 2-fold along X,Y,Z; 3-fold along (1,1,1).
    TZ3   - 12 elements. Tetrahedral, 3-fold along Z; secondary in YZ, sign(y)!=sign(z).
    TZ3R  - 12 elements. Tetrahedral, 3-fold along Z; secondary in YZ, sign(y)=sign(z).
(*) I222  - 60 elements. Icosahedral, 2-fold on X,Y,Z; 5-fold vertices in YZ plane.
    I222R - 60 elements. Icosahedral, 2-fold on X,Y,Z; 5-fold vertices in XZ plane.
    IN25  - 60 elements. Icosahedral, 5-fold along Z, 2-fold along Y.
    IN25R - 60 elements. Icosahedral, 5-fold along Z, 2-fold along Y (rotated).
    I2N3  - 60 elements. Icosahedral, 3-fold along Z, 2-fold along X.
    I2N3R - 60 elements. Icosahedral, 3-fold along Z, 2-fold along X (rotated).
    I2N5  - 60 elements. Icosahedral, 2-fold along X, 5-fold along Z.
    I2N5R - 60 elements. Icosahedral, 2-fold along X, 5-fold along Z (rotated).

"""

import logging
import numpy as np

from aspire.volume import Volume
from aspire.utils import Rotation


logger = logging.getLogger(__name__)
logger.setLevel(logging.INFO)

SCIPION_T222 = np.array([
    [[ 1.00000000,  0.00000000,  0.00000000], [ 0.00000000,  1.00000000,  0.00000000], [ 0.00000000,  0.00000000,  1.00000000]],
    [[ 1.00000000,  0.00000000,  0.00000000], [ 0.00000000, -1.00000000,  0.00000000], [ 0.00000000,  0.00000000, -1.00000000]],
    [[-1.00000000,  0.00000000,  0.00000000], [ 0.00000000,  1.00000000,  0.00000000], [ 0.00000000,  0.00000000, -1.00000000]],
    [[-1.00000000,  0.00000000,  0.00000000], [ 0.00000000, -1.00000000,  0.00000000], [ 0.00000000,  0.00000000,  1.00000000]],
    [[ 0.00000000,  0.00000000,  1.00000000], [ 1.00000000,  0.00000000,  0.00000000], [ 0.00000000,  1.00000000,  0.00000000]],
    [[ 0.00000000,  1.00000000,  0.00000000], [ 0.00000000,  0.00000000,  1.00000000], [ 1.00000000,  0.00000000,  0.00000000]],
    [[ 0.00000000,  0.00000000, -1.00000000], [ 1.00000000,  0.00000000,  0.00000000], [ 0.00000000, -1.00000000,  0.00000000]],
    [[ 0.00000000,  1.00000000,  0.00000000], [ 0.00000000,  0.00000000, -1.00000000], [-1.00000000,  0.00000000,  0.00000000]],
    [[ 0.00000000,  0.00000000,  1.00000000], [-1.00000000,  0.00000000,  0.00000000], [ 0.00000000, -1.00000000,  0.00000000]],
    [[ 0.00000000, -1.00000000,  0.00000000], [ 0.00000000,  0.00000000, -1.00000000], [ 1.00000000,  0.00000000,  0.00000000]],
    [[ 0.00000000,  0.00000000, -1.00000000], [-1.00000000,  0.00000000,  0.00000000], [ 0.00000000,  1.00000000,  0.00000000]],
    [[ 0.00000000, -1.00000000,  0.00000000], [ 0.00000000,  0.00000000,  1.00000000], [-1.00000000,  0.00000000,  0.00000000]]
])

SCIPION_TZ3 = np.array([
    [[ 1.00000000,  0.00000000,  0.00000000], [ 0.00000000,  1.00000000,  0.00000000], [ 0.00000000,  0.00000000,  1.00000000]],
    [[ 0.00000000,  0.57735030, -0.81649660], [ 0.57735030, -0.66666670, -0.47140450], [-0.81649660, -0.47140450, -0.33333330]],
    [[-0.00000000, -0.57735030,  0.81649660], [-0.57735030, -0.66666670, -0.47140450], [ 0.81649660, -0.47140450, -0.33333330]],
    [[-1.00000000,  0.00000000,  0.00000000], [ 0.00000000,  0.33333330,  0.94280900], [-0.00000000,  0.94280900, -0.33333330]],
    [[-0.50000000, -0.86602540, -0.00000000], [ 0.86602540, -0.50000000,  0.00000000], [ 0.00000000, -0.00000000,  1.00000000]],
    [[-0.50000000,  0.86602540, -0.00000000], [-0.86602540, -0.50000000, -0.00000000], [-0.00000000,  0.00000000,  1.00000000]],
    [[-0.50000000,  0.28867510,  0.81649660], [-0.28867510,  0.83333330, -0.47140450], [-0.81649660, -0.47140450, -0.33333330]],
    [[-0.50000000, -0.28867510, -0.81649660], [ 0.28867510,  0.83333330, -0.47140450], [ 0.81649660, -0.47140450, -0.33333330]],
    [[ 0.50000000, -0.28867510, -0.81649660], [-0.86602540, -0.16666670, -0.47140450], [ 0.00000000,  0.94280900, -0.33333330]],
    [[ 0.50000000, -0.86602540, -0.00000000], [-0.28867510, -0.16666670,  0.94280900], [-0.81649660, -0.47140450, -0.33333330]],
    [[ 0.50000000,  0.86602540,  0.00000000], [ 0.28867510, -0.16666670,  0.94280900], [ 0.81649660, -0.47140450, -0.33333330]],
    [[ 0.50000000,  0.28867510,  0.81649660], [ 0.86602540, -0.16666670, -0.47140450], [ 0.00000000,  0.94280900, -0.33333330]]
])

SCIPION_TZ3R = np.array([
    [[ 1.00000000,  0.00000000, -0.00000000], [ 0.00000000,  1.00000000, -0.00000000], [ 0.00000000, -0.00000000,  1.00000000]],
    [[ 0.00000000,  0.57735030,  0.81649660], [ 0.57735030, -0.66666670,  0.47140450], [ 0.81649660,  0.47140450, -0.33333330]],
    [[-0.00000000, -0.57735030, -0.81649660], [-0.57735030, -0.66666670,  0.47140450], [-0.81649660,  0.47140450, -0.33333330]],
    [[-1.00000000,  0.00000000, -0.00000000], [ 0.00000000,  0.33333330, -0.94280900], [ 0.00000000, -0.94280900, -0.33333330]],
    [[-0.50000000, -0.86602540,  0.00000000], [ 0.86602540, -0.50000000, -0.00000000], [ 0.00000000,  0.00000000,  1.00000000]],
    [[-0.50000000,  0.86602540,  0.00000000], [-0.86602540, -0.50000000,  0.00000000], [ 0.00000000,  0.00000000,  1.00000000]],
    [[-0.50000000,  0.28867510, -0.81649660], [-0.28867510,  0.83333330,  0.47140450], [ 0.81649660,  0.47140450, -0.33333330]],
    [[-0.50000000, -0.28867510,  0.81649660], [ 0.28867510,  0.83333330,  0.47140450], [-0.81649660,  0.47140450, -0.33333330]],
    [[ 0.50000000, -0.28867510,  0.81649660], [-0.86602540, -0.16666670,  0.47140450], [-0.00000000, -0.94280900, -0.33333330]],
    [[ 0.50000000, -0.86602540,  0.00000000], [-0.28867510, -0.16666670, -0.94280900], [ 0.81649660,  0.47140450, -0.33333330]],
    [[ 0.50000000,  0.86602540, -0.00000000], [ 0.28867510, -0.16666670, -0.94280900], [-0.81649660,  0.47140450, -0.33333330]],
    [[ 0.50000000,  0.28867510, -0.81649660], [ 0.86602540, -0.16666670,  0.47140450], [-0.00000000, -0.94280900, -0.33333330]]
])

SCIPION_I222 = np.array([
    [[ 1.00000000,  0.00000000,  0.00000000], [ 0.00000000,  1.00000000,  0.00000000], [ 0.00000000,  0.00000000,  1.00000000]],
    [[-0.80901699, -0.50000000,  0.30901699], [-0.50000000,  0.30901699, -0.80901699], [ 0.30901699, -0.80901699, -0.50000000]],
    [[ 0.00000000,  1.00000000,  0.00000000], [ 0.00000000,  0.00000000, -1.00000000], [-1.00000000,  0.00000000,  0.00000000]],
    [[ 0.80901699, -0.50000000, -0.30901699], [-0.50000000, -0.30901699, -0.80901699], [ 0.30901699,  0.80901699, -0.50000000]],
    [[ 0.50000000,  0.30901699, -0.80901699], [-0.30901699, -0.80901699, -0.50000000], [-0.80901699,  0.50000000, -0.30901699]],
    [[-0.30901699, -0.80901699, -0.50000000], [-0.80901699,  0.50000000, -0.30901699], [ 0.50000000,  0.30901699, -0.80901699]],
    [[-0.80901699,  0.50000000, -0.30901699], [ 0.50000000,  0.30901699, -0.80901699], [-0.30901699, -0.80901699, -0.50000000]],
    [[-0.80901699, -0.50000000, -0.30901699], [ 0.50000000, -0.30901699, -0.80901699], [ 0.30901699, -0.80901699,  0.50000000]],
    [[-0.30901699,  0.80901699, -0.50000000], [-0.80901699, -0.50000000, -0.30901699], [-0.50000000,  0.30901699,  0.80901699]],
    [[ 0.50000000, -0.30901699, -0.80901699], [-0.30901699,  0.80901699, -0.50000000], [ 0.80901699,  0.50000000,  0.30901699]],
    [[ 0.00000000,  0.00000000, -1.00000000], [-1.00000000,  0.00000000,  0.00000000], [ 0.00000000,  1.00000000,  0.00000000]],
    [[-0.50000000, -0.30901699, -0.80901699], [ 0.30901699,  0.80901699, -0.50000000], [ 0.80901699, -0.50000000, -0.30901699]],
    [[-0.50000000,  0.30901699, -0.80901699], [ 0.30901699, -0.80901699, -0.50000000], [-0.80901699, -0.50000000,  0.30901699]],
    [[-0.30901699, -0.80901699, -0.50000000], [ 0.80901699, -0.50000000,  0.30901699], [-0.50000000, -0.30901699,  0.80901699]],
    [[-0.80901699,  0.50000000, -0.30901699], [-0.50000000, -0.30901699,  0.80901699], [ 0.30901699,  0.80901699,  0.50000000]],
    [[ 0.50000000,  0.30901699, -0.80901699], [ 0.30901699,  0.80901699,  0.50000000], [ 0.80901699, -0.50000000,  0.30901699]],
    [[-0.50000000,  0.30901699, -0.80901699], [-0.30901699,  0.80901699,  0.50000000], [ 0.80901699,  0.50000000, -0.30901699]],
    [[ 0.00000000,  0.00000000, -1.00000000], [ 1.00000000,  0.00000000,  0.00000000], [ 0.00000000, -1.00000000,  0.00000000]],
    [[-0.50000000, -0.30901699, -0.80901699], [-0.30901699, -0.80901699,  0.50000000], [-0.80901699,  0.50000000,  0.30901699]],
    [[ 0.00000000, -1.00000000,  0.00000000], [ 0.00000000,  0.00000000,  1.00000000], [-1.00000000,  0.00000000,  0.00000000]],
    [[-0.80901699,  0.50000000,  0.30901699], [ 0.50000000,  0.30901699,  0.80901699], [ 0.30901699,  0.80901699, -0.50000000]],
    [[ 0.80901699,  0.50000000, -0.30901699], [ 0.50000000, -0.30901699,  0.80901699], [ 0.30901699, -0.80901699, -0.50000000]],
    [[-0.30901699,  0.80901699, -0.50000000], [ 0.80901699,  0.50000000,  0.30901699], [ 0.50000000, -0.30901699, -0.80901699]],
    [[ 0.50000000, -0.30901699, -0.80901699], [ 0.30901699, -0.80901699,  0.50000000], [-0.80901699, -0.50000000, -0.30901699]],
    [[-0.80901699, -0.50000000, -0.30901699], [-0.50000000,  0.30901699,  0.80901699], [-0.30901699,  0.80901699, -0.50000000]],
    [[-0.30901699, -0.80901699,  0.50000000], [-0.80901699,  0.50000000,  0.30901699], [-0.50000000, -0.30901699, -0.80901699]],
    [[-0.30901699,  0.80901699,  0.50000000], [ 0.80901699,  0.50000000, -0.30901699], [-0.50000000,  0.30901699, -0.80901699]],
    [[ 1.00000000,  0.00000000,  0.00000000], [ 0.00000000, -1.00000000,  0.00000000], [ 0.00000000,  0.00000000, -1.00000000]],
    [[ 0.30901699,  0.80901699, -0.50000000], [ 0.80901699, -0.50000000, -0.30901699], [-0.50000000, -0.30901699, -0.80901699]],
    [[ 0.30901699, -0.80901699, -0.50000000], [-0.80901699, -0.50000000,  0.30901699], [-0.50000000,  0.30901699, -0.80901699]],
    [[-1.00000000,  0.00000000,  0.00000000], [ 0.00000000,  1.00000000,  0.00000000], [ 0.00000000,  0.00000000, -1.00000000]],
    [[ 0.80901699,  0.50000000, -0.30901699], [-0.50000000,  0.30901699, -0.80901699], [-0.30901699,  0.80901699,  0.50000000]],
    [[ 0.00000000, -1.00000000,  0.00000000], [ 0.00000000,  0.00000000, -1.00000000], [ 1.00000000,  0.00000000,  0.00000000]],
    [[-0.80901699,  0.50000000,  0.30901699], [-0.50000000, -0.30901699, -0.80901699], [-0.30901699, -0.80901699,  0.50000000]],
    [[-0.50000000, -0.30901699,  0.80901699], [-0.30901699, -0.80901699, -0.50000000], [ 0.80901699, -0.50000000,  0.30901699]],
    [[ 0.30901699,  0.80901699,  0.50000000], [-0.80901699,  0.50000000, -0.30901699], [-0.50000000, -0.30901699,  0.80901699]],
    [[ 0.80901699, -0.50000000,  0.30901699], [ 0.50000000,  0.30901699, -0.80901699], [ 0.30901699,  0.80901699,  0.50000000]],
    [[ 0.80901699,  0.50000000,  0.30901699], [ 0.50000000, -0.30901699, -0.80901699], [-0.30901699,  0.80901699, -0.50000000]],
    [[ 0.30901699, -0.80901699,  0.50000000], [-0.80901699, -0.50000000, -0.30901699], [ 0.50000000, -0.30901699, -0.80901699]],
    [[-0.50000000,  0.30901699,  0.80901699], [-0.30901699,  0.80901699, -0.50000000], [-0.80901699, -0.50000000, -0.30901699]],
    [[ 0.00000000,  0.00000000,  1.00000000], [-1.00000000,  0.00000000,  0.00000000], [ 0.00000000, -1.00000000,  0.00000000]],
    [[ 0.50000000,  0.30901699,  0.80901699], [ 0.30901699,  0.80901699, -0.50000000], [-0.80901699,  0.50000000,  0.30901699]],
    [[ 0.50000000, -0.30901699,  0.80901699], [ 0.30901699, -0.80901699, -0.50000000], [ 0.80901699,  0.50000000, -0.30901699]],
    [[ 0.30901699,  0.80901699,  0.50000000], [ 0.80901699, -0.50000000,  0.30901699], [ 0.50000000,  0.30901699, -0.80901699]],
    [[ 0.80901699, -0.50000000,  0.30901699], [-0.50000000, -0.30901699,  0.80901699], [-0.30901699, -0.80901699, -0.50000000]],
    [[-0.50000000, -0.30901699,  0.80901699], [ 0.30901699,  0.80901699,  0.50000000], [-0.80901699,  0.50000000, -0.30901699]],
    [[ 0.50000000, -0.30901699,  0.80901699], [-0.30901699,  0.80901699,  0.50000000], [-0.80901699, -0.50000000,  0.30901699]],
    [[ 0.00000000,  0.00000000,  1.00000000], [ 1.00000000,  0.00000000,  0.00000000], [ 0.00000000,  1.00000000,  0.00000000]],
    [[ 0.50000000,  0.30901699,  0.80901699], [-0.30901699, -0.80901699,  0.50000000], [ 0.80901699, -0.50000000, -0.30901699]],
    [[ 0.00000000,  1.00000000,  0.00000000], [ 0.00000000,  0.00000000,  1.00000000], [ 1.00000000,  0.00000000,  0.00000000]],
    [[ 0.80901699, -0.50000000, -0.30901699], [ 0.50000000,  0.30901699,  0.80901699], [-0.30901699, -0.80901699,  0.50000000]],
    [[-0.80901699, -0.50000000,  0.30901699], [ 0.50000000, -0.30901699,  0.80901699], [-0.30901699,  0.80901699,  0.50000000]],
    [[ 0.30901699, -0.80901699,  0.50000000], [ 0.80901699,  0.50000000,  0.30901699], [-0.50000000,  0.30901699,  0.80901699]],
    [[-0.50000000,  0.30901699,  0.80901699], [ 0.30901699, -0.80901699,  0.50000000], [ 0.80901699,  0.50000000,  0.30901699]],
    [[ 0.80901699,  0.50000000,  0.30901699], [-0.50000000,  0.30901699,  0.80901699], [ 0.30901699, -0.80901699,  0.50000000]],
    [[ 0.30901699,  0.80901699, -0.50000000], [-0.80901699,  0.50000000,  0.30901699], [ 0.50000000,  0.30901699,  0.80901699]],
    [[ 0.30901699, -0.80901699, -0.50000000], [ 0.80901699,  0.50000000, -0.30901699], [ 0.50000000, -0.30901699,  0.80901699]],
    [[-1.00000000,  0.00000000,  0.00000000], [ 0.00000000, -1.00000000,  0.00000000], [ 0.00000000,  0.00000000,  1.00000000]],
    [[-0.30901699, -0.80901699,  0.50000000], [ 0.80901699, -0.50000000, -0.30901699], [ 0.50000000,  0.30901699,  0.80901699]],
    [[-0.30901699,  0.80901699,  0.50000000], [-0.80901699, -0.50000000,  0.30901699], [ 0.50000000, -0.30901699,  0.80901699]]
])

SCIPION_I222R = np.array([
    [[ 1.00000000,  0.00000000,  0.00000000], [ 0.00000000,  1.00000000,  0.00000000], [ 0.00000000,  0.00000000,  1.00000000]],
    [[ 0.30901699,  0.50000000, -0.80901699], [ 0.50000000, -0.80901699, -0.30901699], [-0.80901699, -0.30901699, -0.50000000]],
    [[ 0.00000000,  0.00000000, -1.00000000], [-1.00000000,  0.00000000,  0.00000000], [ 0.00000000,  1.00000000,  0.00000000]],
    [[-0.30901699,  0.50000000, -0.80901699], [ 0.50000000,  0.80901699,  0.30901699], [ 0.80901699, -0.30901699, -0.50000000]],
    [[-0.80901699,  0.30901699, -0.50000000], [-0.30901699,  0.50000000,  0.80901699], [ 0.50000000,  0.80901699, -0.30901699]],
    [[ 0.50000000,  0.80901699, -0.30901699], [ 0.80901699, -0.30901699,  0.50000000], [ 0.30901699, -0.50000000, -0.80901699]],
    [[ 0.30901699, -0.50000000, -0.80901699], [-0.50000000, -0.80901699,  0.30901699], [-0.80901699,  0.30901699, -0.50000000]],
    [[-0.30901699, -0.50000000, -0.80901699], [ 0.50000000, -0.80901699,  0.30901699], [-0.80901699, -0.30901699,  0.50000000]],
    [[-0.50000000,  0.80901699, -0.30901699], [-0.80901699, -0.30901699,  0.50000000], [ 0.30901699,  0.50000000,  0.80901699]],
    [[ 0.80901699,  0.30901699, -0.50000000], [ 0.30901699,  0.50000000,  0.80901699], [ 0.50000000, -0.80901699,  0.30901699]],
    [[ 0.00000000,  1.00000000,  0.00000000], [ 0.00000000,  0.00000000,  1.00000000], [ 1.00000000,  0.00000000,  0.00000000]],
    [[ 0.80901699, -0.30901699, -0.50000000], [ 0.30901699, -0.50000000,  0.80901699], [-0.50000000, -0.80901699, -0.30901699]],
    [[-0.80901699, -0.30901699, -0.50000000], [-0.30901699, -0.50000000,  0.80901699], [-0.50000000,  0.80901699,  0.30901699]],
    [[-0.50000000, -0.80901699,  0.30901699], [ 0.80901699, -0.30901699,  0.50000000], [-0.30901699,  0.50000000,  0.80901699]],
    [[-0.30901699,  0.50000000,  0.80901699], [-0.50000000, -0.80901699,  0.30901699], [ 0.80901699, -0.30901699,  0.50000000]],
    [[ 0.80901699, -0.30901699,  0.50000000], [-0.30901699,  0.50000000,  0.80901699], [-0.50000000, -0.80901699,  0.30901699]],
    [[ 0.80901699,  0.30901699,  0.50000000], [-0.30901699, -0.50000000,  0.80901699], [ 0.50000000, -0.80901699, -0.30901699]],
    [[ 0.00000000, -1.00000000,  0.00000000], [ 0.00000000,  0.00000000,  1.00000000], [-1.00000000,  0.00000000,  0.00000000]],
    [[-0.80901699,  0.30901699,  0.50000000], [ 0.30901699, -0.50000000,  0.80901699], [ 0.50000000,  0.80901699,  0.30901699]],
    [[ 0.00000000,  0.00000000,  1.00000000], [ 1.00000000,  0.00000000,  0.00000000], [ 0.00000000,  1.00000000,  0.00000000]],
    [[ 0.30901699, -0.50000000,  0.80901699], [-0.50000000, -0.80901699, -0.30901699], [ 0.80901699, -0.30901699, -0.50000000]],
    [[-0.30901699, -0.50000000,  0.80901699], [-0.50000000,  0.80901699,  0.30901699], [-0.80901699, -0.30901699, -0.50000000]],
    [[ 0.50000000, -0.80901699,  0.30901699], [-0.80901699, -0.30901699,  0.50000000], [-0.30901699, -0.50000000, -0.80901699]],
    [[-0.80901699, -0.30901699,  0.50000000], [ 0.30901699,  0.50000000,  0.80901699], [-0.50000000,  0.80901699, -0.30901699]],
    [[ 0.30901699,  0.50000000,  0.80901699], [ 0.50000000, -0.80901699,  0.30901699], [ 0.80901699,  0.30901699, -0.50000000]],
    [[ 0.50000000,  0.80901699,  0.30901699], [ 0.80901699, -0.30901699, -0.50000000], [-0.30901699,  0.50000000, -0.80901699]],
    [[ 0.50000000, -0.80901699, -0.30901699], [-0.80901699, -0.30901699, -0.50000000], [ 0.30901699,  0.50000000, -0.80901699]],
    [[-1.00000000,  0.00000000,  0.00000000], [ 0.00000000,  1.00000000,  0.00000000], [ 0.00000000,  0.00000000, -1.00000000]],
    [[-0.50000000, -0.80901699, -0.30901699], [-0.80901699,  0.30901699,  0.50000000], [-0.30901699,  0.50000000, -0.80901699]],
    [[-0.50000000,  0.80901699,  0.30901699], [ 0.80901699,  0.30901699,  0.50000000], [ 0.30901699,  0.50000000, -0.80901699]],
    [[ 1.00000000,  0.00000000,  0.00000000], [ 0.00000000, -1.00000000,  0.00000000], [ 0.00000000,  0.00000000, -1.00000000]],
    [[ 0.30901699,  0.50000000, -0.80901699], [-0.50000000,  0.80901699,  0.30901699], [ 0.80901699,  0.30901699,  0.50000000]],
    [[ 0.00000000,  0.00000000, -1.00000000], [ 1.00000000,  0.00000000,  0.00000000], [ 0.00000000, -1.00000000,  0.00000000]],
    [[-0.30901699,  0.50000000, -0.80901699], [-0.50000000, -0.80901699, -0.30901699], [-0.80901699,  0.30901699,  0.50000000]],
    [[-0.80901699,  0.30901699, -0.50000000], [ 0.30901699, -0.50000000, -0.80901699], [-0.50000000, -0.80901699,  0.30901699]],
    [[ 0.50000000,  0.80901699, -0.30901699], [-0.80901699,  0.30901699, -0.50000000], [-0.30901699,  0.50000000,  0.80901699]],
    [[ 0.30901699, -0.50000000, -0.80901699], [ 0.50000000,  0.80901699, -0.30901699], [ 0.80901699, -0.30901699,  0.50000000]],
    [[-0.30901699, -0.50000000, -0.80901699], [-0.50000000,  0.80901699, -0.30901699], [ 0.80901699,  0.30901699, -0.50000000]],
    [[-0.50000000,  0.80901699, -0.30901699], [ 0.80901699,  0.30901699, -0.50000000], [-0.30901699, -0.50000000, -0.80901699]],
    [[ 0.80901699,  0.30901699, -0.50000000], [-0.30901699, -0.50000000, -0.80901699], [-0.50000000,  0.80901699, -0.30901699]],
    [[ 0.00000000,  1.00000000,  0.00000000], [ 0.00000000,  0.00000000, -1.00000000], [-1.00000000,  0.00000000,  0.00000000]],
    [[ 0.80901699, -0.30901699, -0.50000000], [-0.30901699,  0.50000000, -0.80901699], [ 0.50000000,  0.80901699,  0.30901699]],
    [[-0.80901699, -0.30901699, -0.50000000], [ 0.30901699,  0.50000000, -0.80901699], [ 0.50000000, -0.80901699, -0.30901699]],
    [[-0.50000000, -0.80901699,  0.30901699], [-0.80901699,  0.30901699, -0.50000000], [ 0.30901699, -0.50000000, -0.80901699]],
    [[-0.30901699,  0.50000000,  0.80901699], [ 0.50000000,  0.80901699, -0.30901699], [-0.80901699,  0.30901699, -0.50000000]],
    [[ 0.80901699, -0.30901699,  0.50000000], [ 0.30901699, -0.50000000, -0.80901699], [ 0.50000000,  0.80901699, -0.30901699]],
    [[ 0.80901699,  0.30901699,  0.50000000], [ 0.30901699,  0.50000000, -0.80901699], [-0.50000000,  0.80901699,  0.30901699]],
    [[ 0.00000000, -1.00000000,  0.00000000], [ 0.00000000,  0.00000000, -1.00000000], [ 1.00000000,  0.00000000,  0.00000000]],
    [[-0.80901699,  0.30901699,  0.50000000], [-0.30901699,  0.50000000, -0.80901699], [-0.50000000, -0.80901699, -0.30901699]],
    [[ 0.00000000,  0.00000000,  1.00000000], [-1.00000000,  0.00000000,  0.00000000], [ 0.00000000, -1.00000000,  0.00000000]],
    [[ 0.30901699, -0.50000000,  0.80901699], [ 0.50000000,  0.80901699,  0.30901699], [-0.80901699,  0.30901699,  0.50000000]],
    [[-0.30901699, -0.50000000,  0.80901699], [ 0.50000000, -0.80901699, -0.30901699], [ 0.80901699,  0.30901699,  0.50000000]],
    [[ 0.50000000, -0.80901699,  0.30901699], [ 0.80901699,  0.30901699, -0.50000000], [ 0.30901699,  0.50000000,  0.80901699]],
    [[-0.80901699, -0.30901699,  0.50000000], [-0.30901699, -0.50000000, -0.80901699], [ 0.50000000, -0.80901699,  0.30901699]],
    [[ 0.30901699,  0.50000000,  0.80901699], [-0.50000000,  0.80901699, -0.30901699], [-0.80901699, -0.30901699,  0.50000000]],
    [[ 0.50000000,  0.80901699,  0.30901699], [-0.80901699,  0.30901699,  0.50000000], [ 0.30901699, -0.50000000,  0.80901699]],
    [[ 0.50000000, -0.80901699, -0.30901699], [ 0.80901699,  0.30901699,  0.50000000], [-0.30901699, -0.50000000,  0.80901699]],
    [[-1.00000000,  0.00000000,  0.00000000], [ 0.00000000, -1.00000000,  0.00000000], [ 0.00000000,  0.00000000,  1.00000000]],
    [[-0.50000000, -0.80901699, -0.30901699], [ 0.80901699, -0.30901699, -0.50000000], [ 0.30901699, -0.50000000,  0.80901699]],
    [[-0.50000000,  0.80901699,  0.30901699], [-0.80901699, -0.30901699, -0.50000000], [-0.30901699, -0.50000000,  0.80901699]]
])

SCIPION_IN25 = np.array([
    [[ 1.00000000,  0.00000000,  0.00000000], [ 0.00000000,  1.00000000,  0.00000000], [ 0.00000000,  0.00000000,  1.00000000]],
    [[-0.63819660, -0.26286556,  0.72360680], [-0.26286556, -0.80901699, -0.52573111], [ 0.72360680, -0.52573111,  0.44721360]],
    [[-0.44721360, -0.52573111,  0.72360680], [ 0.85065081,  0.00000000,  0.52573111], [-0.27639320,  0.85065081,  0.44721360]],
    [[-0.36180340, -0.26286556,  0.89442719], [-0.58778525,  0.80901699,  0.00000000], [-0.72360680, -0.52573111, -0.44721360]],
    [[-0.67082039, -0.68819096,  0.27639320], [-0.16245985,  0.50000000,  0.85065081], [-0.72360680,  0.52573111, -0.44721360]],
    [[ 0.13819660, -0.42532540,  0.89442719], [-0.95105652, -0.30901699,  0.00000000], [ 0.27639320, -0.85065081, -0.44721360]],
    [[-0.63819660,  0.26286556,  0.72360680], [ 0.26286556, -0.80901699,  0.52573111], [ 0.72360680,  0.52573111,  0.44721360]],
    [[-0.80901699,  0.58778525, -0.00000000], [-0.58778525, -0.80901699,  0.00000000], [ 0.00000000,  0.00000000,  1.00000000]],
    [[-0.13819660, -0.95105652, -0.27639320], [ 0.42532540, -0.30901699,  0.85065081], [-0.89442719,  0.00000000,  0.44721360]],
    [[ 0.67082039,  0.16245985,  0.72360680], [-0.68819096,  0.50000000,  0.52573111], [-0.27639320, -0.85065081,  0.44721360]],
    [[ 0.44721360, -0.85065081,  0.27639320], [-0.52573111,  0.00000000,  0.85065081], [-0.72360680, -0.52573111, -0.44721360]],
    [[ 0.05278640,  0.68819096,  0.72360680], [-0.68819096, -0.50000000,  0.52573111], [ 0.72360680, -0.52573111,  0.44721360]],
    [[-0.94721360, -0.16245985, -0.27639320], [-0.16245985, -0.50000000,  0.85065081], [-0.27639320,  0.85065081,  0.44721360]],
    [[-0.13819660,  0.42532540, -0.89442719], [-0.95105652, -0.30901699,  0.00000000], [-0.27639320,  0.85065081,  0.44721360]],
    [[ 0.63819660, -0.26286556, -0.72360680], [ 0.26286556, -0.80901699,  0.52573111], [-0.72360680, -0.52573111, -0.44721360]],
    [[ 0.67082039,  0.68819096, -0.27639320], [-0.16245985,  0.50000000,  0.85065081], [ 0.72360680, -0.52573111,  0.44721360]],
    [[ 0.94721360,  0.16245985,  0.27639320], [-0.16245985, -0.50000000,  0.85065081], [ 0.27639320, -0.85065081, -0.44721360]],
    [[-0.44721360,  0.85065081, -0.27639320], [-0.52573111,  0.00000000,  0.85065081], [ 0.72360680,  0.52573111,  0.44721360]],
    [[-0.05278640, -0.68819096, -0.72360680], [-0.68819096, -0.50000000,  0.52573111], [-0.72360680,  0.52573111, -0.44721360]],
    [[ 0.44721360, -0.52573111, -0.72360680], [-0.85065081,  0.00000000, -0.52573111], [ 0.27639320,  0.85065081, -0.44721360]],
    [[ 0.80901699,  0.58778525,  0.00000000], [ 0.58778525, -0.80901699,  0.00000000], [ 0.00000000,  0.00000000, -1.00000000]],
    [[-0.36180340,  0.58778525, -0.72360680], [ 0.26286556,  0.80901699,  0.52573111], [ 0.89442719,  0.00000000, -0.44721360]],
    [[ 0.13819660,  0.95105652,  0.27639320], [ 0.42532540, -0.30901699,  0.85065081], [ 0.89442719, -0.00000000, -0.44721360]],
    [[-0.67082039, -0.16245985, -0.72360680], [-0.68819096,  0.50000000,  0.52573111], [ 0.27639320,  0.85065081, -0.44721360]],
    [[ 0.80901699, -0.58778525,  0.00000000], [-0.58778525, -0.80901699,  0.00000000], [ 0.00000000,  0.00000000, -1.00000000]],
    [[ 0.13819660, -0.95105652,  0.27639320], [-0.42532540, -0.30901699, -0.85065081], [ 0.89442719,  0.00000000, -0.44721360]],
    [[ 0.13819660,  0.42532540,  0.89442719], [ 0.95105652, -0.30901699, -0.00000000], [ 0.27639320,  0.85065081, -0.44721360]],
    [[-1.00000000,  0.00000000,  0.00000000], [ 0.00000000,  1.00000000,  0.00000000], [ 0.00000000,  0.00000000, -1.00000000]],
    [[-0.86180340,  0.42532540,  0.27639320], [ 0.42532540,  0.30901699,  0.85065081], [ 0.27639320,  0.85065081, -0.44721360]],
    [[-0.30901699, -0.95105652,  0.00000000], [-0.95105652,  0.30901699,  0.00000000], [-0.00000000,  0.00000000, -1.00000000]],
    [[ 0.44721360,  0.00000000,  0.89442719], [ 0.00000000, -1.00000000,  0.00000000], [ 0.89442719,  0.00000000, -0.44721360]],
    [[ 0.36180340, -0.58778525,  0.72360680], [ 0.26286556,  0.80901699,  0.52573111], [-0.89442719,  0.00000000,  0.44721360]],
    [[-0.44721360,  0.52573111,  0.72360680], [-0.85065081,  0.00000000, -0.52573111], [-0.27639320, -0.85065081,  0.44721360]],
    [[-0.80901699, -0.58778525, -0.00000000], [ 0.58778525, -0.80901699,  0.00000000], [ 0.00000000,  0.00000000,  1.00000000]],
    [[-0.94721360,  0.16245985, -0.27639320], [ 0.16245985, -0.50000000, -0.85065081], [-0.27639320, -0.85065081,  0.44721360]],
    [[ 0.30901699, -0.95105652,  0.00000000], [ 0.95105652,  0.30901699, -0.00000000], [ 0.00000000,  0.00000000,  1.00000000]],
    [[ 0.36180340,  0.58778525,  0.72360680], [-0.26286556,  0.80901699, -0.52573111], [-0.89442719,  0.00000000,  0.44721360]],
    [[-0.36180340,  0.26286556,  0.89442719], [ 0.58778525,  0.80901699,  0.00000000], [-0.72360680,  0.52573111, -0.44721360]],
    [[-0.86180340, -0.42532540,  0.27639320], [-0.42532540,  0.30901699, -0.85065081], [ 0.27639320, -0.85065081, -0.44721360]],
    [[ 0.05278640, -0.68819096,  0.72360680], [ 0.68819096, -0.50000000, -0.52573111], [ 0.72360680,  0.52573111,  0.44721360]],
    [[-0.44721360, -0.85065081, -0.27639320], [ 0.52573111,  0.00000000, -0.85065081], [ 0.72360680, -0.52573111,  0.44721360]],
    [[ 0.67082039, -0.16245985,  0.72360680], [ 0.68819096,  0.50000000, -0.52573111], [-0.27639320,  0.85065081,  0.44721360]],
    [[-0.67082039,  0.68819096,  0.27639320], [ 0.16245985,  0.50000000, -0.85065081], [-0.72360680, -0.52573111, -0.44721360]],
    [[-0.30901699,  0.95105652,  0.00000000], [ 0.95105652,  0.30901699, -0.00000000], [-0.00000000, -0.00000000, -1.00000000]],
    [[-0.36180340, -0.58778525, -0.72360680], [-0.26286556,  0.80901699, -0.52573111], [ 0.89442719,  0.00000000, -0.44721360]],
    [[ 0.94721360, -0.16245985,  0.27639320], [ 0.16245985, -0.50000000, -0.85065081], [ 0.27639320,  0.85065081, -0.44721360]],
    [[ 0.67082039, -0.68819096, -0.27639320], [ 0.16245985,  0.50000000, -0.85065081], [ 0.72360680,  0.52573111,  0.44721360]],
    [[ 0.44721360,  0.85065081,  0.27639320], [ 0.52573111,  0.00000000, -0.85065081], [-0.72360680,  0.52573111, -0.44721360]],
    [[-0.67082039,  0.16245985, -0.72360680], [ 0.68819096,  0.50000000, -0.52573111], [ 0.27639320, -0.85065081, -0.44721360]],
    [[ 0.44721360,  0.52573111, -0.72360680], [ 0.85065081,  0.00000000,  0.52573111], [ 0.27639320, -0.85065081, -0.44721360]],
    [[ 0.36180340,  0.26286556, -0.89442719], [-0.58778525,  0.80901699,  0.00000000], [ 0.72360680,  0.52573111,  0.44721360]],
    [[ 0.63819660,  0.26286556, -0.72360680], [-0.26286556, -0.80901699, -0.52573111], [-0.72360680,  0.52573111, -0.44721360]],
    [[ 0.86180340,  0.42532540, -0.27639320], [-0.42532540,  0.30901699, -0.85065081], [-0.27639320,  0.85065081,  0.44721360]],
    [[-0.05278640,  0.68819096, -0.72360680], [ 0.68819096, -0.50000000, -0.52573111], [-0.72360680, -0.52573111, -0.44721360]],
    [[ 0.36180340, -0.26286556, -0.89442719], [ 0.58778525,  0.80901699,  0.00000000], [ 0.72360680, -0.52573111,  0.44721360]],
    [[ 0.86180340, -0.42532540, -0.27639320], [ 0.42532540,  0.30901699,  0.85065081], [-0.27639320, -0.85065081,  0.44721360]],
    [[ 0.30901699,  0.95105652,  0.00000000], [-0.95105652,  0.30901699,  0.00000000], [ 0.00000000, -0.00000000,  1.00000000]],
    [[-0.44721360,  0.00000000, -0.89442719], [ 0.00000000, -1.00000000,  0.00000000], [-0.89442719,  0.00000000,  0.44721360]],
    [[-0.13819660,  0.95105652, -0.27639320], [-0.42532540, -0.30901699, -0.85065081], [-0.89442719, -0.00000000,  0.44721360]],
    [[-0.13819660, -0.42532540, -0.89442719], [ 0.95105652, -0.30901699, -0.00000000], [-0.27639320, -0.85065081,  0.44721360]]
])

SCIPION_IN25R = np.array([
    [[ 1.00000000,  0.00000000,  0.00000000], [ 0.00000000,  1.00000000,  0.00000000], [ 0.00000000,  0.00000000,  1.00000000]],
    [[-0.63819660,  0.26286556, -0.72360680], [ 0.26286556, -0.80901699, -0.52573111], [-0.72360680, -0.52573111,  0.44721360]],
    [[-0.44721360,  0.52573111, -0.72360680], [-0.85065081,  0.00000000,  0.52573111], [ 0.27639320,  0.85065081,  0.44721360]],
    [[-0.36180340,  0.26286556, -0.89442719], [ 0.58778525,  0.80901699, -0.00000000], [ 0.72360680, -0.52573111, -0.44721360]],
    [[-0.67082039,  0.68819096, -0.27639320], [ 0.16245985,  0.50000000,  0.85065081], [ 0.72360680,  0.52573111, -0.44721360]],
    [[ 0.13819660,  0.42532540, -0.89442719], [ 0.95105652, -0.30901699,  0.00000000], [-0.27639320, -0.85065081, -0.44721360]],
    [[-0.63819660, -0.26286556, -0.72360680], [-0.26286556, -0.80901699,  0.52573111], [-0.72360680,  0.52573111,  0.44721360]],
    [[-0.80901699, -0.58778525,  0.00000000], [ 0.58778525, -0.80901699,  0.00000000], [ 0.00000000,  0.00000000,  1.00000000]],
    [[-0.13819660,  0.95105652,  0.27639320], [-0.42532540, -0.30901699,  0.85065081], [ 0.89442719,  0.00000000,  0.44721360]],
    [[ 0.67082039, -0.16245985, -0.72360680], [ 0.68819096,  0.50000000,  0.52573111], [ 0.27639320, -0.85065081,  0.44721360]],
    [[ 0.44721360,  0.85065081, -0.27639320], [ 0.52573111,  0.00000000,  0.85065081], [ 0.72360680, -0.52573111, -0.44721360]],
    [[ 0.05278640, -0.68819096, -0.72360680], [ 0.68819096, -0.50000000,  0.52573111], [-0.72360680, -0.52573111,  0.44721360]],
    [[-0.94721360,  0.16245985,  0.27639320], [ 0.16245985, -0.50000000,  0.85065081], [ 0.27639320,  0.85065081,  0.44721360]],
    [[-0.13819660, -0.42532540,  0.89442719], [ 0.95105652, -0.30901699,  0.00000000], [ 0.27639320,  0.85065081,  0.44721360]],
    [[ 0.63819660,  0.26286556,  0.72360680], [-0.26286556, -0.80901699,  0.52573111], [ 0.72360680, -0.52573111, -0.44721360]],
    [[ 0.67082039, -0.68819096,  0.27639320], [ 0.16245985,  0.50000000,  0.85065081], [-0.72360680, -0.52573111,  0.44721360]],
    [[ 0.94721360, -0.16245985, -0.27639320], [ 0.16245985, -0.50000000,  0.85065081], [-0.27639320, -0.85065081, -0.44721360]],
    [[-0.44721360, -0.85065081,  0.27639320], [ 0.52573111,  0.00000000,  0.85065081], [-0.72360680,  0.52573111,  0.44721360]],
    [[-0.05278640,  0.68819096,  0.72360680], [ 0.68819096, -0.50000000,  0.52573111], [ 0.72360680,  0.52573111, -0.44721360]],
    [[ 0.44721360,  0.52573111,  0.72360680], [ 0.85065081,  0.00000000, -0.52573111], [-0.27639320,  0.85065081, -0.44721360]],
    [[ 0.80901699, -0.58778525, -0.00000000], [-0.58778525, -0.80901699,  0.00000000], [ 0.00000000,  0.00000000, -1.00000000]],
    [[-0.36180340, -0.58778525,  0.72360680], [-0.26286556,  0.80901699,  0.52573111], [-0.89442719,  0.00000000, -0.44721360]],
    [[ 0.13819660, -0.95105652, -0.27639320], [-0.42532540, -0.30901699,  0.85065081], [-0.89442719, -0.00000000, -0.44721360]],
    [[-0.67082039,  0.16245985,  0.72360680], [ 0.68819096,  0.50000000,  0.52573111], [-0.27639320,  0.85065081, -0.44721360]],
    [[ 0.80901699,  0.58778525, -0.00000000], [ 0.58778525, -0.80901699,  0.00000000], [ 0.00000000,  0.00000000, -1.00000000]],
    [[ 0.13819660,  0.95105652, -0.27639320], [ 0.42532540, -0.30901699, -0.85065081], [-0.89442719,  0.00000000, -0.44721360]],
    [[ 0.13819660, -0.42532540, -0.89442719], [-0.95105652, -0.30901699, -0.00000000], [-0.27639320,  0.85065081, -0.44721360]],
    [[-1.00000000,  0.00000000,  0.00000000], [-0.00000000,  1.00000000,  0.00000000], [ 0.00000000,  0.00000000, -1.00000000]],
    [[-0.86180340, -0.42532540, -0.27639320], [-0.42532540,  0.30901699,  0.85065081], [-0.27639320,  0.85065081, -0.44721360]],
    [[-0.30901699,  0.95105652,  0.00000000], [ 0.95105652,  0.30901699,  0.00000000], [ 0.00000000,  0.00000000, -1.00000000]],
    [[ 0.44721360,  0.00000000, -0.89442719], [ 0.00000000, -1.00000000, -0.00000000], [-0.89442719,  0.00000000, -0.44721360]],
    [[ 0.36180340,  0.58778525, -0.72360680], [-0.26286556,  0.80901699,  0.52573111], [ 0.89442719,  0.00000000,  0.44721360]],
    [[-0.44721360, -0.52573111, -0.72360680], [ 0.85065081,  0.00000000, -0.52573111], [ 0.27639320, -0.85065081,  0.44721360]],
    [[-0.80901699,  0.58778525,  0.00000000], [-0.58778525, -0.80901699,  0.00000000], [ 0.00000000,  0.00000000,  1.00000000]],
    [[-0.94721360, -0.16245985,  0.27639320], [-0.16245985, -0.50000000, -0.85065081], [ 0.27639320, -0.85065081,  0.44721360]],
    [[ 0.30901699,  0.95105652,  0.00000000], [-0.95105652,  0.30901699, -0.00000000], [-0.00000000,  0.00000000,  1.00000000]],
    [[ 0.36180340, -0.58778525, -0.72360680], [ 0.26286556,  0.80901699, -0.52573111], [ 0.89442719,  0.00000000,  0.44721360]],
    [[-0.36180340, -0.26286556, -0.89442719], [-0.58778525,  0.80901699, -0.00000000], [ 0.72360680,  0.52573111, -0.44721360]],
    [[-0.86180340,  0.42532540, -0.27639320], [ 0.42532540,  0.30901699, -0.85065081], [-0.27639320, -0.85065081, -0.44721360]],
    [[ 0.05278640,  0.68819096, -0.72360680], [-0.68819096, -0.50000000, -0.52573111], [-0.72360680,  0.52573111,  0.44721360]],
    [[-0.44721360,  0.85065081,  0.27639320], [-0.52573111,  0.00000000, -0.85065081], [-0.72360680, -0.52573111,  0.44721360]],
    [[ 0.67082039,  0.16245985, -0.72360680], [-0.68819096,  0.50000000, -0.52573111], [ 0.27639320,  0.85065081,  0.44721360]],
    [[-0.67082039, -0.68819096, -0.27639320], [-0.16245985,  0.50000000, -0.85065081], [ 0.72360680, -0.52573111, -0.44721360]],
    [[-0.30901699, -0.95105652,  0.00000000], [-0.95105652,  0.30901699, -0.00000000], [ 0.00000000, -0.00000000, -1.00000000]],
    [[-0.36180340,  0.58778525,  0.72360680], [ 0.26286556,  0.80901699, -0.52573111], [-0.89442719,  0.00000000, -0.44721360]],
    [[ 0.94721360,  0.16245985, -0.27639320], [-0.16245985, -0.50000000, -0.85065081], [-0.27639320,  0.85065081, -0.44721360]],
    [[ 0.67082039,  0.68819096,  0.27639320], [-0.16245985,  0.50000000, -0.85065081], [-0.72360680,  0.52573111,  0.44721360]],
    [[ 0.44721360, -0.85065081, -0.27639320], [-0.52573111,  0.00000000, -0.85065081], [ 0.72360680,  0.52573111, -0.44721360]],
    [[-0.67082039, -0.16245985,  0.72360680], [-0.68819096,  0.50000000, -0.52573111], [-0.27639320, -0.85065081, -0.44721360]],
    [[ 0.44721360, -0.52573111,  0.72360680], [-0.85065081,  0.00000000,  0.52573111], [-0.27639320, -0.85065081, -0.44721360]],
    [[ 0.36180340, -0.26286556,  0.89442719], [ 0.58778525,  0.80901699,  0.00000000], [-0.72360680,  0.52573111,  0.44721360]],
    [[ 0.63819660, -0.26286556,  0.72360680], [ 0.26286556, -0.80901699, -0.52573111], [ 0.72360680,  0.52573111, -0.44721360]],
    [[ 0.86180340, -0.42532540,  0.27639320], [ 0.42532540,  0.30901699, -0.85065081], [ 0.27639320,  0.85065081,  0.44721360]],
    [[-0.05278640, -0.68819096,  0.72360680], [-0.68819096, -0.50000000, -0.52573111], [ 0.72360680, -0.52573111, -0.44721360]],
    [[ 0.36180340,  0.26286556,  0.89442719], [-0.58778525,  0.80901699,  0.00000000], [-0.72360680, -0.52573111,  0.44721360]],
    [[ 0.86180340,  0.42532540,  0.27639320], [-0.42532540,  0.30901699,  0.85065081], [ 0.27639320, -0.85065081,  0.44721360]],
    [[ 0.30901699, -0.95105652,  0.00000000], [ 0.95105652,  0.30901699,  0.00000000], [-0.00000000, -0.00000000,  1.00000000]],
    [[-0.44721360,  0.00000000,  0.89442719], [ 0.00000000, -1.00000000,  0.00000000], [ 0.89442719,  0.00000000,  0.44721360]],
    [[-0.13819660, -0.95105652,  0.27639320], [ 0.42532540, -0.30901699, -0.85065081], [ 0.89442719, -0.00000000,  0.44721360]],
    [[-0.13819660,  0.42532540,  0.89442719], [-0.95105652, -0.30901699, -0.00000000], [ 0.27639320, -0.85065081,  0.44721360]]
])

SCIPION_I2N3 = np.array([
    [[ 1.00000000,  0.00000000,  0.00000000], [ 0.00000000,  1.00000000,  0.00000000], [ 0.00000000,  0.00000000,  1.00000000]],
    [[-0.80901699,  0.11026409,  0.57735027], [ 0.11026409, -0.93633900,  0.33333333], [ 0.57735027,  0.33333333,  0.74535599]],
    [[ 0.00000000,  0.35682209, -0.93417236], [-0.93417236, -0.33333333, -0.12732200], [-0.35682209,  0.87267800,  0.33333333]],
    [[ 0.80901699, -0.46708618,  0.35682209], [ 0.11026409, -0.47568366, -0.87267800], [ 0.57735027,  0.74535599, -0.33333333]],
    [[ 0.50000000, -0.64549722, -0.57735027], [-0.86602540, -0.37267800, -0.33333333], [ 0.00000000,  0.66666667, -0.74535599]],
    [[-0.30901699, -0.75576131,  0.57735027], [ 0.17841104, -0.64235033, -0.74535599], [ 0.93417236, -0.12732200,  0.33333333]],
    [[-0.80901699, -0.11026409, -0.57735027], [-0.11026409, -0.93633900,  0.33333333], [-0.57735027,  0.33333333,  0.74535599]],
    [[-0.80901699, -0.46708618,  0.35682209], [ 0.46708618, -0.14235033,  0.87267800], [-0.35682209,  0.87267800,  0.33333333]],
    [[-0.30901699, -0.17841104, -0.93417236], [-0.75576131,  0.64235033,  0.12732200], [ 0.57735027,  0.74535599, -0.33333333]],
    [[ 0.50000000, -0.86602540,  0.00000000], [ 0.64549722,  0.37267800, -0.66666667], [ 0.57735027,  0.33333333,  0.74535599]],
    [[ 0.00000000, -0.93417236, -0.35682209], [-0.35682209,  0.33333333, -0.87267800], [ 0.93417236,  0.12732200, -0.33333333]],
    [[-0.50000000, -0.86602540,  0.00000000], [ 0.86602540, -0.50000000,  0.00000000], [-0.00000000,  0.00000000,  1.00000000]],
    [[-0.50000000, -0.64549722, -0.57735027], [-0.64549722, -0.16666667,  0.74535599], [-0.57735027,  0.74535599, -0.33333333]],
    [[-0.30901699, -0.75576131,  0.57735027], [-0.17841104,  0.64235033,  0.74535599], [-0.93417236,  0.12732200, -0.33333333]],
    [[-0.80901699, -0.11026409, -0.57735027], [ 0.11026409,  0.93633900, -0.33333333], [ 0.57735027, -0.33333333, -0.74535599]],
    [[ 0.50000000, -0.64549722, -0.57735027], [ 0.86602540,  0.37267800,  0.33333333], [-0.00000000, -0.66666667,  0.74535599]],
    [[-0.50000000, -0.64549722, -0.57735027], [ 0.64549722,  0.16666667, -0.74535599], [ 0.57735027, -0.74535599,  0.33333333]],
    [[ 0.00000000, -0.93417236, -0.35682209], [ 0.35682209, -0.33333333,  0.87267800], [-0.93417236, -0.12732200,  0.33333333]],
    [[-0.50000000, -0.86602540,  0.00000000], [-0.86602540,  0.50000000, -0.00000000], [ 0.00000000, -0.00000000, -1.00000000]],
    [[ 0.00000000, -0.35682209,  0.93417236], [-0.93417236,  0.33333333,  0.12732200], [-0.35682209, -0.87267800, -0.33333333]],
